0.000000	416.511094
0.005000	275.247649
0.010000	-92.116860
0.015000	329.012806
0.020000	521.595607
0.025000	-46.901257
0.030000	-286.025912
0.035000	68.009257
0.040000	-67.092443
0.045000	105.207975
0.050000	-114.944960
0.055000	281.788950
0.060000	48.277953
0.065000	-507.608753
0.070000	-434.616580
0.075000	-268.683353
0.080000	0.588453
0.085000	508.480242
0.090000	427.832794
0.095000	10.154876
0.100000	-44.268101
0.105000	-46.059755
0.110000	342.933277
0.115000	16.209397
0.120000	-229.994267
0.125000	56.889426
0.130000	-130.202343
0.135000	-317.855437
0.140000	96.106563
0.145000	-416.253471
0.150000	-443.451322
0.155000	166.295247
0.160000	151.370655
0.165000	73.331107
0.170000	-47.226993
0.175000	-407.261518
0.180000	-90.489339
0.185000	-345.827679
0.190000	-652.822511
0.195000	171.602663
0.200000	121.818984
0.205000	-244.816016
0.210000	-70.912856
0.215000	-213.208146
0.220000	-67.912858
0.225000	134.495046
0.230000	318.945134
0.235000	370.807748
0.240000	-73.204398
0.245000	-415.307722
0.250000	-146.664694
0.255000	88.783713
0.260000	323.363526
0.265000	137.338747
0.270000	20.411902
0.275000	26.155053
0.280000	-371.126812
0.285000	-578.500778
0.290000	-192.375168
0.295000	78.416150
0.300000	258.554549
0.305000	351.652469
0.310000	425.780486
0.315000	253.658017
0.320000	150.548293
0.325000	422.491740
0.330000	220.494919
0.335000	213.493739
0.340000	65.754567
0.345000	-244.786703
0.350000	-365.980612
0.355000	-45.954320
0.360000	54.427003
0.365000	4.206863
0.370000	52.698626
0.375000	-76.432241
0.380000	-188.900957
0.385000	442.909080
0.390000	164.212623
0.395000	-73.786823
0.400000	162.618430
0.405000	64.704610
0.410000	-154.533717
0.415000	-178.442539
0.420000	353.525357
0.425000	80.976100
0.430000	-83.175117
0.435000	-322.746130
0.440000	-369.971462
0.445000	-298.030408
0.450000	48.050951
0.455000	-291.178258
0.460000	-571.697700
0.465000	3.500797
0.470000	202.032023
0.475000	394.153328
0.480000	-47.706596
0.485000	-227.427061
0.490000	-38.975796
0.495000	70.530995
0.500000	377.992271
0.505000	280.399691
0.510000	-105.957335
0.515000	97.684866
0.520000	244.254781
0.525000	355.520396
0.530000	349.496119
0.535000	548.594287
0.540000	327.859150
0.545000	-2.550405
0.550000	307.051876
0.555000	395.321106
0.560000	394.169047
0.565000	54.137345
0.570000	89.881480
0.575000	-158.226253
0.580000	-380.708120
0.585000	236.188706
0.590000	370.660920
0.595000	655.186913
0.600000	320.291603
0.605000	-376.970394
0.610000	-391.749116
0.615000	-29.391226
0.620000	-263.332034
0.625000	-200.281381
0.630000	201.814625
0.635000	255.466776
0.640000	-127.045354
0.645000	203.972428
0.650000	337.389982
0.655000	-163.583000
0.660000	6.693116
0.665000	-177.279947
0.670000	-205.577720
0.675000	195.008021
0.680000	474.511838
0.685000	709.812571
0.690000	342.408361
0.695000	-141.317310
0.700000	-379.687155
0.705000	-12.652052
0.710000	218.295716
0.715000	-170.084511
0.720000	129.936578
0.725000	60.550300
0.730000	-295.309085
0.735000	-179.273096
0.740000	265.218048
0.745000	408.903056
0.750000	51.715737
0.755000	11.709858
0.760000	100.500297
0.765000	20.573894
0.770000	-74.208285
0.775000	129.166800
0.780000	65.268132
0.785000	-198.826097
0.790000	-145.976020
0.795000	-460.884888
0.800000	402.230821
0.805000	435.935508
0.810000	-267.153649
0.815000	-111.862701
0.820000	62.827613
0.825000	-142.530122
0.830000	11.985803
0.835000	86.195037
0.840000	-96.176115
0.845000	-28.637422
0.850000	-343.842267
0.855000	130.420521
0.860000	141.380330
0.865000	-330.405648
0.870000	-27.111188
0.875000	146.312762
0.880000	21.807870
0.885000	340.975345
0.890000	537.238181
0.895000	176.749724
0.900000	122.913857
0.905000	164.649319
0.910000	565.525244
0.915000	152.108132
0.920000	-135.035462
0.925000	-179.134205
0.930000	-41.027899
0.935000	-39.641216
0.940000	-29.620317
0.945000	-403.486813
0.950000	-259.480573
0.955000	121.693773
0.960000	223.754134
0.965000	320.077481
0.970000	-75.988812
0.975000	-412.263708
0.980000	-173.083850
0.985000	-7.130406
0.990000	-588.959760
0.995000	-473.183767
1.000000	-251.755467
1.005000	-313.566096
1.010000	-231.685763
1.015000	131.102215
1.020000	210.333005
1.025000	126.696839
1.030000	-393.440334
1.035000	-273.536377
1.040000	-367.729712
1.045000	-436.569051
1.050000	-224.920144
1.055000	-19.353708
1.060000	152.450587
1.065000	-9.431142
1.070000	148.389477
1.075000	-199.636307
1.080000	443.687541
1.085000	608.667230
1.090000	111.155122
1.095000	-198.624580
1.100000	-323.157858
1.105000	-66.165865
1.110000	-146.669159
1.115000	-37.833220
1.120000	-38.178035
1.125000	99.337679
1.130000	-65.926955
1.135000	129.888642
1.140000	197.803283
1.145000	250.664851
1.150000	244.260056
1.155000	176.128064
1.160000	10.573163
1.165000	93.727983
1.170000	-143.593316
1.175000	-11.624055
1.180000	514.051066
1.185000	230.443479
1.190000	-92.529205
1.195000	158.149733
1.200000	245.902522
1.205000	-84.713496
1.210000	-84.274817
1.215000	149.989788
1.220000	330.385841
1.225000	-86.646316
1.230000	-276.553657
1.235000	190.857428
1.240000	221.634812
1.245000	11.427729
1.250000	-87.616603
1.255000	47.295399
1.260000	-89.538877
1.265000	-126.430273
1.270000	132.274206
1.275000	-485.740983
1.280000	-449.617213
1.285000	165.616436
1.290000	-280.469020
1.295000	-653.698415
1.300000	-185.029963
1.305000	259.991463
1.310000	391.706338
1.315000	35.649280
1.320000	124.411399
1.325000	-10.037264
1.330000	108.737824
1.335000	12.404332
1.340000	-254.496995
1.345000	-180.034954
1.350000	-498.133159
1.355000	5.749221
1.360000	310.233599
1.365000	-137.507299
1.370000	-388.587553
1.375000	-488.302340
1.380000	-153.457253
1.385000	-589.296452
1.390000	248.648350
1.395000	479.959427
1.400000	370.891853
1.405000	23.143019
1.410000	-297.698847
1.415000	229.700089
1.420000	107.063676
1.425000	274.488863
1.430000	325.362095
1.435000	503.769306
1.440000	80.735081
1.445000	10.243900
1.450000	-46.564236
1.455000	-393.063872
1.460000	98.812574
1.465000	62.761213
1.470000	21.370615
1.475000	24.456469
1.480000	-240.541629
1.485000	183.998071
1.490000	-504.737804
1.495000	-327.458323
1.500000	238.705931
1.505000	-241.390467
1.510000	-577.975191
1.515000	-378.084048
1.520000	-62.684578
1.525000	254.069763
1.530000	159.395634
1.535000	-163.191009
1.540000	-312.567490
1.545000	-364.780515
1.550000	-310.807371
1.555000	352.655127
1.560000	384.113046
1.565000	343.370774
1.570000	262.084373
1.575000	-364.604245
1.580000	-17.078016
1.585000	599.572313
1.590000	-72.253785
1.595000	-614.022256
1.600000	-98.346251
1.605000	46.194201
1.610000	72.344957
1.615000	294.427106
1.620000	401.967181
1.625000	261.222678
1.630000	-245.785025
1.635000	-525.348292
1.640000	-177.345962
1.645000	-177.010038
1.650000	-64.656880
1.655000	135.603697
1.660000	406.606906
1.665000	56.203417
1.670000	45.343001
1.675000	600.556864
1.680000	377.977292
1.685000	-352.899144
1.690000	-206.565305
1.695000	-125.392844
1.700000	-134.211189
1.705000	-135.597785
1.710000	-493.296832
1.715000	-813.137008
1.720000	-704.612238
1.725000	-56.547981
1.730000	165.423696
1.735000	282.234002
1.740000	48.714173
1.745000	-205.491472
1.750000	258.136828
1.755000	753.842176
1.760000	107.147441
1.765000	-28.089172
1.770000	187.212152
1.775000	57.075283
1.780000	490.363818
1.785000	77.913826
1.790000	-294.451822
1.795000	406.760332
1.800000	431.470108
1.805000	167.150560
1.810000	50.893726
1.815000	-41.929962
1.820000	-51.414990
1.825000	-394.151328
1.830000	-398.372440
1.835000	-170.384878
1.840000	152.693650
1.845000	25.701607
1.850000	295.798959
1.855000	444.520679
1.860000	107.169660
1.865000	208.368839
1.870000	9.546838
1.875000	-311.992919
1.880000	-345.155437
1.885000	-440.338709
1.890000	-384.607575
1.895000	56.795439
1.900000	-367.886890
1.905000	-109.639466
1.910000	304.995263
1.915000	81.810555
1.920000	232.037426
1.925000	492.822900
1.930000	67.796093
1.935000	240.938395
1.940000	342.502893
1.945000	-208.653316
1.950000	-332.748946
1.955000	161.177872
1.960000	150.987465
1.965000	458.652253
1.970000	260.574816
1.975000	-262.704503
1.980000	462.909462
1.985000	15.257199
1.990000	-282.194513
1.995000	-78.488512
2.000000	197.627549
2.005000	385.092327
2.010000	138.387391
2.015000	70.202712
2.020000	18.691518
2.025000	-556.717769
2.030000	-58.727575
2.035000	76.262976
2.040000	193.711896
2.045000	349.041797
2.050000	329.358618
2.055000	112.539806
2.060000	-169.654153
2.065000	-213.280102
2.070000	-266.759360
2.075000	-203.517832
2.080000	-694.958729
2.085000	-596.277417
2.090000	269.977606
2.095000	156.888790
2.100000	-179.848072
2.105000	-341.715753
2.110000	133.633247
2.115000	75.365658
2.120000	-238.096008
2.125000	-129.860585
2.130000	190.699089
2.135000	-57.010207
2.140000	-467.982323
2.145000	-43.487322
2.150000	-512.372938
2.155000	-457.404197
2.160000	-361.877066
2.165000	-577.360064
2.170000	-370.907551
2.175000	20.814254
2.180000	-57.855170
2.185000	-170.093516
2.190000	33.209717
2.195000	318.030488
2.200000	192.484209
2.205000	-130.116496
2.210000	292.811965
2.215000	394.947321
2.220000	202.574509
2.225000	328.660577
2.230000	-447.979686
2.235000	-328.632217
2.240000	-50.970619
2.245000	-225.215103
2.250000	-241.669010
2.255000	-95.037536
2.260000	237.616022
2.265000	278.370346
2.270000	-112.921058
2.275000	-218.788572
2.280000	-212.085208
2.285000	-62.532190
2.290000	309.354940
2.295000	513.145578
2.300000	346.812925
2.305000	156.226078
2.310000	-70.809053
2.315000	-187.752752
2.320000	-379.847355
2.325000	-36.865086
2.330000	88.628530
2.335000	241.921610
2.340000	192.593149
2.345000	136.131403
2.350000	-178.008646
2.355000	-65.761883
2.360000	0.142560
2.365000	-161.274460
2.370000	541.109367
2.375000	291.938868
2.380000	397.296568
2.385000	455.150736
2.390000	392.412702
2.395000	68.249985
2.400000	-93.194882
2.405000	350.403845
2.410000	259.454576
2.415000	461.668954
2.420000	224.002720
2.425000	515.741340
2.430000	68.386579
2.435000	-182.968630
2.440000	319.626831
2.445000	227.211453
2.450000	131.769115
2.455000	-289.886755
2.460000	-243.109127
2.465000	-87.548979
2.470000	-153.372018
2.475000	-95.128166
2.480000	-99.311409
2.485000	-5.093290
2.490000	379.654139
2.495000	-97.130274
2.500000	-24.432343
2.505000	-231.814978
2.510000	-219.522185
2.515000	601.180338
2.520000	438.543192
2.525000	129.382282
2.530000	22.328969
2.535000	235.752915
2.540000	56.840932
2.545000	-371.905061
2.550000	38.524151
2.555000	-343.704405
2.560000	-227.647934
2.565000	262.382860
2.570000	-14.200093
2.575000	123.788424
2.580000	-48.059343
2.585000	-47.099979
2.590000	72.972318
2.595000	-180.891099
2.600000	-142.953400
2.605000	-59.461228
2.610000	317.002209
2.615000	-366.827065
2.620000	-685.409094
2.625000	432.062896
2.630000	355.050517
2.635000	-177.259917
2.640000	-26.193794
2.645000	31.210711
2.650000	189.078040
2.655000	131.705304
2.660000	-118.510557
2.665000	-91.352254
2.670000	37.006078
2.675000	-90.972898
2.680000	203.109332
2.685000	198.103241
2.690000	-14.817533
2.695000	32.825613
2.700000	-39.033031
2.705000	-418.651347
2.710000	75.778611
2.715000	-280.752713
2.720000	-189.317414
2.725000	240.253447
2.730000	499.040980
2.735000	530.538373
2.740000	109.260149
2.745000	479.622296
2.750000	332.229887
2.755000	87.066878
2.760000	143.891267
2.765000	162.171602
2.770000	162.809865
2.775000	-87.034609
2.780000	-725.737979
2.785000	-402.309634
2.790000	182.488126
2.795000	-349.657490
2.800000	-285.783147
2.805000	261.666565
2.810000	351.885838
2.815000	188.712129
2.820000	139.952980
2.825000	145.060015
2.830000	837.305574
2.835000	808.949524
2.840000	24.485175
2.845000	-278.564797
2.850000	297.714873
2.855000	427.096444
2.860000	28.716168
2.865000	40.005655
2.870000	-86.790517
2.875000	275.662032
2.880000	734.713698
2.885000	494.089534
2.890000	41.667373
2.895000	-246.868553
2.900000	-338.270107
2.905000	90.292693
2.910000	-255.720488
2.915000	-445.041015
2.920000	-283.479663
2.925000	-140.742123
2.930000	-133.304971
2.935000	-382.090682
2.940000	-293.908882
2.945000	-166.290869
2.950000	-184.817111
2.955000	452.407133
2.960000	241.175788
2.965000	-16.839610
2.970000	-259.525289
2.975000	-371.565241
2.980000	-143.555354
2.985000	121.487501
2.990000	243.482778
2.995000	-62.522165
3.000000	-312.647705
3.005000	-396.134617
3.010000	407.817431
3.015000	497.168603
3.020000	250.707366
3.025000	411.917755
3.030000	401.586937
3.035000	308.600679
3.040000	431.086511
3.045000	456.963395
3.050000	360.858746
3.055000	364.540144
3.060000	-105.048278
3.065000	118.953628
3.070000	486.837523
3.075000	303.286438
3.080000	36.826193
3.085000	-187.624633
3.090000	-10.211364
3.095000	254.835410
3.100000	-59.222631
3.105000	-374.440019
3.110000	-157.868310
3.115000	-278.172581
3.120000	-440.721131
3.125000	-108.934980
3.130000	276.760588
3.135000	61.128706
3.140000	-103.816030
3.145000	110.455214
3.150000	50.883372
3.155000	-10.611739
3.160000	541.212630
3.165000	-17.219740
3.170000	58.800770
3.175000	137.594193
3.180000	-223.630317
3.185000	-428.087916
3.190000	240.638664
3.195000	608.288822
3.200000	-363.718915
3.205000	72.399533
3.210000	247.949332
3.215000	189.991280
3.220000	-178.832067
3.225000	134.903415
3.230000	262.569290
3.235000	-320.819728
3.240000	323.099632
3.245000	458.128714
3.250000	496.504708
3.255000	411.238638
3.260000	345.925555
3.265000	453.373631
3.270000	215.066007
3.275000	97.536443
3.280000	-233.363792
3.285000	-188.815667
3.290000	-129.126443
3.295000	156.018475
3.300000	258.696430
3.305000	146.328777
3.310000	-252.959559
3.315000	247.101188
3.320000	480.335932
3.325000	-151.212814
3.330000	-176.803659
3.335000	376.494058
3.340000	736.661115
3.345000	165.754401
3.350000	-5.290529
3.355000	-91.245300
3.360000	-385.052124
3.365000	-371.857488
3.370000	-166.497133
3.375000	-62.214972
3.380000	-24.989477
3.385000	-555.579932
3.390000	-341.787354
3.395000	273.750152
3.400000	530.996229
3.405000	138.924606
3.410000	-455.595464
3.415000	11.347655
3.420000	-461.090315
3.425000	-968.348828
3.430000	-737.161678
3.435000	-58.388281
3.440000	560.894639
3.445000	734.392639
3.450000	520.866402
3.455000	443.658378
3.460000	28.170432
3.465000	-38.676474
3.470000	286.624604
3.475000	-48.796038
3.480000	245.904719
3.485000	179.611864
3.490000	-244.167066
3.495000	-282.371001
3.500000	-120.209268
3.505000	14.426537
3.510000	66.570767
3.515000	89.387599
3.520000	6.147024
3.525000	384.164293
3.530000	-102.273729
3.535000	-635.262838
3.540000	199.304625
3.545000	392.867678
3.550000	209.648255
3.555000	209.128900
3.560000	292.428194
3.565000	480.989502
3.570000	156.109651
3.575000	427.677908
3.580000	449.295301
3.585000	51.331756
3.590000	485.515522
3.595000	426.717763
3.600000	432.104557
3.605000	177.542136
3.610000	-448.220915
3.615000	68.844103
3.620000	-41.326330
3.625000	-222.902942
3.630000	158.719894
3.635000	601.269014
3.640000	52.585709
3.645000	-109.233845
3.650000	246.158103
3.655000	284.496249
3.660000	28.343041
3.665000	118.840494
3.670000	114.587348
3.675000	-200.144435
3.680000	-225.315320
3.685000	-343.448367
3.690000	157.062525
3.695000	443.687792
3.700000	112.323367
3.705000	-241.094155
3.710000	-303.186759
3.715000	-134.687923
3.720000	141.030359
3.725000	101.593654
3.730000	-187.482899
3.735000	205.690196
3.740000	79.078303
3.745000	-34.200968
3.750000	559.043079
3.755000	377.521400
3.760000	-187.719937
3.765000	216.976414
3.770000	273.079526
3.775000	712.362192
3.780000	1256.514397
3.785000	98.651453
3.790000	-387.045384
3.795000	-230.493889
3.800000	-112.494051
3.805000	-266.783941
3.810000	169.048223
3.815000	82.877494
3.820000	234.010119
3.825000	201.372775
3.830000	147.762719
3.835000	112.095647
3.840000	63.083190
3.845000	221.996663
3.850000	-107.489233
3.855000	132.580009
3.860000	22.001903
3.865000	450.096708
3.870000	497.389551
3.875000	203.314017
3.880000	230.179987
3.885000	186.348249
3.890000	195.463745
3.895000	209.103579
3.900000	-18.053995
3.905000	128.399428
3.910000	279.192747
3.915000	-208.453378
3.920000	-338.448243
3.925000	-137.964703
3.930000	120.468618
3.935000	-82.368728
3.940000	-54.947303
3.945000	304.784344
3.950000	373.353625
3.955000	-112.833755
3.960000	-563.525748
3.965000	-366.089555
3.970000	72.817700
3.975000	220.222544
3.980000	167.389635
3.985000	-203.252584
3.990000	-30.138146
3.995000	151.439061
4.000000	369.257827
4.005000	270.229051
4.010000	357.387413
4.015000	91.070322
4.020000	147.006709
4.025000	216.058974
4.030000	-236.773794
4.035000	-276.646246
4.040000	-221.260823
4.045000	-210.910347
4.050000	105.253535
4.055000	502.953849
4.060000	91.662611
4.065000	-39.479298
4.070000	11.981926
4.075000	-315.486688
4.080000	168.726586
4.085000	308.350766
4.090000	263.147033
4.095000	-113.812240
4.100000	173.402791
4.105000	144.958542
4.110000	-542.933243
4.115000	-695.603531
4.120000	-239.308182
4.125000	301.916432
4.130000	70.905337
4.135000	560.920088
4.140000	360.932002
4.145000	-83.148999
4.150000	46.232777
4.155000	-7.707767
4.160000	-98.815322
4.165000	36.087390
4.170000	48.524346
4.175000	192.609455
4.180000	341.407363
4.185000	240.556573
4.190000	-40.173219
4.195000	-300.813719
4.200000	-135.198061
4.205000	67.423798
4.210000	355.143838
4.215000	139.094863
4.220000	-129.754404
4.225000	-53.337401
4.230000	52.263070
4.235000	255.829077
4.240000	-32.036959
4.245000	76.071819
4.250000	114.843668
4.255000	47.098840
4.260000	92.924534
4.265000	167.039153
4.270000	430.436950
4.275000	412.356614
4.280000	412.579442
4.285000	-156.342994
4.290000	77.675219
4.295000	233.690801
4.300000	351.089495
4.305000	147.464934
4.310000	-191.139820
4.315000	-1.948789
4.320000	84.019811
4.325000	90.098328
4.330000	-281.305500
4.335000	-134.020626
4.340000	-420.111488
4.345000	-262.225833
4.350000	42.219977
4.355000	-107.644826
4.360000	-429.628626
4.365000	-50.842573
4.370000	86.644320
4.375000	261.646725
4.380000	181.007629
4.385000	-399.918810
4.390000	-235.831756
4.395000	-133.100995
4.400000	-164.835292
4.405000	358.794479
4.410000	511.483479
4.415000	381.267168
4.420000	-34.286475
4.425000	113.176841
4.430000	7.068692
4.435000	-282.155078
4.440000	-30.693104
4.445000	2.126324
4.450000	44.414111
4.455000	154.742227
4.460000	-418.000175
4.465000	-285.312462
4.470000	192.234993
4.475000	-205.748166
4.480000	-119.623235
4.485000	-32.182786
4.490000	-55.661983
4.495000	-350.677117
4.500000	-492.870975
4.505000	33.366964
4.510000	167.226401
4.515000	-208.979744
4.520000	-121.726674
4.525000	-517.009646
4.530000	-165.797069
4.535000	345.923303
4.540000	227.726259
4.545000	188.568365
4.550000	-334.783613
4.555000	-182.352267
4.560000	-507.018435
4.565000	-282.277180
4.570000	16.074412
4.575000	-673.847330
4.580000	72.283565
4.585000	-119.378942
4.590000	-209.710771
4.595000	327.893599
4.600000	-144.427461
4.605000	-242.407699
4.610000	-215.771860
4.615000	125.473882
4.620000	261.421524
4.625000	-154.052069
4.630000	-205.354573
4.635000	-54.440300
4.640000	-306.065309
4.645000	-112.061892
4.650000	-555.747264
4.655000	34.323627
4.660000	151.568263
4.665000	81.462768
4.670000	-169.872020
4.675000	-140.680806
4.680000	-91.360945
4.685000	-9.769195
4.690000	90.218864
4.695000	-358.581609
4.700000	-71.608008
4.705000	-248.876174
4.710000	-38.373864
4.715000	-202.158415
4.720000	-78.432869
4.725000	-110.856596
4.730000	-175.563325
4.735000	33.606273
4.740000	-2.762990
4.745000	220.597040
4.750000	273.896755
4.755000	115.143450
4.760000	-256.035189
4.765000	-256.990892
4.770000	-23.749940
4.775000	-227.890680
4.780000	-343.247837
4.785000	-225.053057
4.790000	-80.323687
4.795000	280.963507
4.800000	-280.144446
4.805000	-346.373331
4.810000	-64.450115
4.815000	179.905273
4.820000	559.925084
4.825000	-104.058777
4.830000	-184.136493
4.835000	52.969679
4.840000	220.253729
4.845000	522.724004
4.850000	362.660398
4.855000	399.488036
4.860000	436.582106
4.865000	41.279901
4.870000	80.291474
4.875000	-54.158601
4.880000	-377.012799
4.885000	289.432856
4.890000	244.829356
4.895000	-130.156163
4.900000	-109.916490
4.905000	-21.368753
4.910000	24.841632
4.915000	-283.812390
4.920000	-276.843355
4.925000	-373.833807
4.930000	30.240696
4.935000	254.996631
4.940000	-403.865207
4.945000	33.641272
4.950000	388.395771
4.955000	-105.448997
4.960000	52.180552
4.965000	-70.154268
4.970000	-628.822796
4.975000	-206.610304
4.980000	359.551781
4.985000	87.094818
4.990000	-81.260442
4.995000	-26.713558
5.000000	2.367571
5.005000	105.530723
5.010000	279.712352
5.015000	521.724850
5.020000	-182.310657
5.025000	-536.242822
5.030000	-109.440082
5.035000	-57.961965
5.040000	-200.425943
5.045000	259.362393
5.050000	223.954113
5.055000	-367.676019
5.060000	-108.338423
5.065000	166.672931
5.070000	-74.886839
5.075000	-136.685901
5.080000	87.590041
5.085000	-73.713126
5.090000	-284.890879
5.095000	16.140053
5.100000	-411.977040
5.105000	-739.959927
5.110000	-448.654458
5.115000	-16.547448
5.120000	216.445783
5.125000	-66.226407
5.130000	-125.232745
5.135000	-346.129130
5.140000	-171.413690
5.145000	288.139553
5.150000	321.680699
5.155000	34.309393
5.160000	30.652127
5.165000	364.938684
5.170000	-77.727514
5.175000	-198.628294
5.180000	-260.852218
5.185000	-285.586146
5.190000	-276.880853
5.195000	-237.949017
5.200000	-253.610990
5.205000	-122.612981
5.210000	269.780686
5.215000	17.346766
5.220000	-130.745654
5.225000	-208.869512
5.230000	-112.790374
5.235000	335.381193
5.240000	349.939480
5.245000	627.433431
5.250000	318.908124
5.255000	-7.422371
5.260000	532.247237
5.265000	403.519401
5.270000	-114.761346
5.275000	-178.206977
5.280000	245.811664
5.285000	-417.599064
5.290000	-352.572231
5.295000	-67.340548
5.300000	246.019225
5.305000	537.210009
5.310000	356.717203
5.315000	3.179856
5.320000	-190.232236
5.325000	-104.515204
5.330000	-21.510807
5.335000	-39.726233
5.340000	297.068003
5.345000	51.442060
5.350000	33.799599
5.355000	39.089365
5.360000	196.635601
5.365000	-73.805794
5.370000	-246.051784
5.375000	124.466615
5.380000	213.310115
5.385000	-235.762453
5.390000	-211.903704
5.395000	-16.044235
5.400000	-342.755837
5.405000	-272.234678
5.410000	16.324444
5.415000	95.860476
5.420000	62.763571
5.425000	15.852640
5.430000	-120.405692
5.435000	-96.955438
5.440000	-118.576183
5.445000	-352.369219
5.450000	-357.154753
5.455000	35.641278
5.460000	219.435451
5.465000	-238.658107
5.470000	-492.340541
5.475000	164.750187
5.480000	622.841171
5.485000	736.999771
5.490000	306.167647
5.495000	-191.894889
5.500000	123.708433
5.505000	432.629980
5.510000	160.879169
5.515000	-11.878178
5.520000	-14.860065
5.525000	145.353068
5.530000	202.602771
5.535000	484.672985
5.540000	550.423262
5.545000	-339.845496
5.550000	-295.188499
5.555000	30.031310
5.560000	286.190635
5.565000	430.282517
5.570000	148.465836
5.575000	274.097411
5.580000	-9.355720
5.585000	-165.391304
5.590000	107.420031
5.595000	375.406717
5.600000	-293.683474
5.605000	-115.732617
5.610000	24.951120
5.615000	-244.263214
5.620000	-116.614700
5.625000	-10.859008
5.630000	105.188765
5.635000	180.060825
5.640000	138.280411
5.645000	45.493390
5.650000	273.376383
5.655000	-218.683333
5.660000	-176.488780
5.665000	-267.399184
5.670000	-170.240555
5.675000	-43.760890
5.680000	-375.739502
5.685000	-608.295025
5.690000	-301.684280
5.695000	-298.810858
5.700000	-436.911938
5.705000	-134.572013
5.710000	-19.970219
5.715000	-27.618488
5.720000	228.933120
5.725000	429.576241
5.730000	291.492902
5.735000	159.980327
5.740000	214.395086
5.745000	256.177910
5.750000	-35.354812
5.755000	-302.108127
5.760000	-290.053081
5.765000	-339.451544
5.770000	-338.481794
5.775000	95.736811
5.780000	-71.013621
5.785000	-107.562210
5.790000	519.456206
5.795000	-332.902662
5.800000	-232.894870
5.805000	344.641285
5.810000	283.358286
5.815000	186.240285
5.820000	-217.805874
5.825000	439.842314
5.830000	316.352252
5.835000	135.734352
5.840000	-20.748624
5.845000	-187.632721
5.850000	-216.560772
5.855000	278.169955
5.860000	176.609333
5.865000	-89.808997
5.870000	-131.674245
5.875000	-386.373524
5.880000	-443.856616
5.885000	-271.930919
5.890000	-86.827304
5.895000	-188.463654
5.900000	90.503067
5.905000	123.322056
5.910000	-201.550775
5.915000	-625.102702
5.920000	-269.969384
5.925000	297.858159
5.930000	330.411877
5.935000	699.771842
5.940000	239.257703
5.945000	-373.782316
5.950000	-141.118438
5.955000	-56.576071
5.960000	202.549795
5.965000	424.786939
5.970000	69.656676
5.975000	-406.591308
5.980000	-281.549278
5.985000	84.207899
5.990000	-104.647670
5.995000	271.107298
6.000000	56.032965
6.005000	89.144793
6.010000	-292.475025
6.015000	-437.373091
6.020000	323.577549
6.025000	-367.291276
6.030000	-270.412931
6.035000	87.770925
6.040000	140.434789
6.045000	611.305181
6.050000	629.961511
6.055000	480.979273
6.060000	90.354238
6.065000	-156.552777
6.070000	-202.809521
6.075000	182.003176
6.080000	61.665857
6.085000	-164.774031
6.090000	350.904664
6.095000	624.564043
6.100000	262.825869
6.105000	-240.684576
6.110000	-296.354615
6.115000	-450.987726
6.120000	-221.844582
6.125000	73.443183
6.130000	93.607410
6.135000	-0.487585
6.140000	-14.357598
6.145000	60.512902
6.150000	-5.253442
6.155000	-608.562154
6.160000	-364.355467
6.165000	119.695577
6.170000	42.476364
6.175000	152.805426
6.180000	271.190505
6.185000	211.977538
6.190000	-519.169360
6.195000	-96.422695
6.200000	87.163870
6.205000	-401.436569
6.210000	-87.321499
6.215000	241.443942
6.220000	16.853254
6.225000	-13.069875
6.230000	344.501061
6.235000	226.742609
6.240000	239.878279
6.245000	-564.222317
6.250000	-392.282135
6.255000	63.189256
6.260000	-384.598654
6.265000	-193.601811
6.270000	21.878246
6.275000	-415.471393
6.280000	-418.148295
6.285000	470.154661
6.290000	-112.529196
6.295000	-545.850369
6.300000	-129.060121
6.305000	129.527704
6.310000	738.717379
6.315000	483.208505
6.320000	188.859889
6.325000	273.965868
6.330000	11.510571
6.335000	-109.478730
6.340000	-102.616453
6.345000	-451.884956
6.350000	-600.165367
6.355000	-365.489517
6.360000	128.765761
6.365000	213.968965
6.370000	207.326387
6.375000	271.365300
6.380000	33.718955
6.385000	-140.626799
6.390000	59.766377
6.395000	-152.998057
6.400000	-130.295838
6.405000	61.121541
6.410000	-103.228468
6.415000	98.863281
6.420000	29.496413
6.425000	23.214780
6.430000	116.496461
6.435000	-63.592435
6.440000	-112.676370
6.445000	375.986738
6.450000	572.367319
6.455000	188.114891
6.460000	-158.494911
6.465000	-239.806462
6.470000	282.137269
6.475000	136.005905
6.480000	147.696983
6.485000	380.180468
6.490000	-140.757421
6.495000	61.295055
6.500000	-71.164218
6.505000	-344.590838
6.510000	-202.112840
6.515000	-219.252232
6.520000	62.398848
6.525000	-92.874197
6.530000	-507.096335
6.535000	-263.591810
6.540000	-8.494159
6.545000	41.200221
6.550000	313.554737
6.555000	215.431165
6.560000	-117.238918
6.565000	65.351157
6.570000	342.127342
6.575000	16.425518
6.580000	-233.007472
6.585000	-165.876036
6.590000	251.168706
6.595000	326.360153
6.600000	133.236305
6.605000	-24.830008
6.610000	231.808837
6.615000	21.548223
6.620000	-299.581132
6.625000	-326.237105
6.630000	49.990339
6.635000	64.407861
6.640000	-532.714253
6.645000	-493.457514
6.650000	-106.057780
6.655000	143.326886
6.660000	-64.624786
6.665000	-369.791837
6.670000	19.882389
6.675000	390.824934
6.680000	-166.742031
6.685000	-223.544992
6.690000	18.957949
6.695000	-603.032184
6.700000	-951.769628
6.705000	-986.161933
6.710000	-245.486906
6.715000	-113.576175
6.720000	-107.890742
6.725000	321.816421
6.730000	93.615378
6.735000	30.764899
6.740000	-40.598110
6.745000	-98.655395
6.750000	-365.146764
6.755000	-333.918786
6.760000	-468.874197
6.765000	6.909799
6.770000	69.752095
6.775000	-52.614140
6.780000	392.100134
6.785000	3.735971
6.790000	-252.571448
6.795000	-65.510324
6.800000	223.748822
6.805000	-70.597998
6.810000	-48.593282
6.815000	484.797392
6.820000	107.943585
6.825000	162.172847
6.830000	149.922646
6.835000	123.546420
6.840000	259.534716
6.845000	152.847474
6.850000	213.397508
6.855000	-169.971185
6.860000	-158.492216
6.865000	-44.086787
6.870000	-70.379503
6.875000	-138.246144
6.880000	-350.668163
6.885000	-142.309354
6.890000	-137.491104
6.895000	246.511461
6.900000	43.380199
6.905000	-503.098288
6.910000	-463.153669
6.915000	-33.266741
6.920000	247.315341
6.925000	-37.988481
6.930000	459.286327
6.935000	755.728873
6.940000	391.402146
6.945000	-9.885477
6.950000	-148.026652
6.955000	465.224569
6.960000	265.739207
6.965000	-200.049154
6.970000	-167.825096
6.975000	-305.938248
6.980000	-2.536539
6.985000	82.716965
6.990000	-10.002359
6.995000	63.182246
7.000000	-130.113531
7.005000	315.627580
7.010000	449.276268
7.015000	-25.397937
7.020000	-3.187052
7.025000	134.916507
7.030000	109.673790
7.035000	264.610465
7.040000	269.870718
7.045000	-35.858245
7.050000	-337.366194
7.055000	-311.026172
7.060000	-517.166193
7.065000	-476.908387
7.070000	275.010544
7.075000	-13.378197
7.080000	93.479154
7.085000	326.705140
7.090000	-61.685626
7.095000	-573.413798
7.100000	-541.262033
7.105000	-82.917287
7.110000	123.862219
7.115000	-27.340045
7.120000	-206.279881
7.125000	-327.870516
7.130000	-542.127395
7.135000	-72.986069
7.140000	297.103635
7.145000	-278.100714
7.150000	-195.700273
7.155000	396.529763
7.160000	394.034478
7.165000	-33.542012
7.170000	-235.828883
7.175000	-15.497927
7.180000	97.478147
7.185000	506.649818
7.190000	399.771090
7.195000	87.148426
7.200000	614.615591
7.205000	318.869925
7.210000	-344.793682
7.215000	-60.097494
7.220000	71.186829
7.225000	-367.440275
7.230000	-242.191762
7.235000	-540.700218
7.240000	-410.832365
7.245000	-34.811900
7.250000	-1.799038
7.255000	-223.477416
7.260000	167.713631
7.265000	251.554384
7.270000	-61.703784
7.275000	17.725895
7.280000	206.216805
7.285000	220.553358
7.290000	453.436958
7.295000	178.268501
7.300000	59.624392
7.305000	-26.462812
7.310000	-191.550920
7.315000	123.647252
7.320000	-186.489995
7.325000	64.514223
7.330000	351.293207
7.335000	-74.728211
7.340000	-67.857282
7.345000	-205.918211
7.350000	-275.986528
7.355000	88.537955
7.360000	-47.659839
7.365000	-181.895031
7.370000	-500.604424
7.375000	-383.261334
7.380000	-276.785507
7.385000	-408.673964
7.390000	-340.329764
7.395000	-346.229098
7.400000	-384.575775
7.405000	-227.026086
7.410000	140.854287
7.415000	220.150307
7.420000	31.510402
7.425000	-518.627737
7.430000	-368.258065
7.435000	254.041074
7.440000	-17.493886
7.445000	-28.392032
7.450000	-292.778561
7.455000	-512.025782
7.460000	-227.912658
7.465000	190.298879
7.470000	535.417764
7.475000	536.434541
7.480000	725.202065
7.485000	543.525088
7.490000	198.944221
7.495000	507.988482
7.500000	469.097604
7.505000	420.841652
7.510000	280.973451
7.515000	35.250950
7.520000	-60.062344
7.525000	140.339603
7.530000	-58.350685
7.535000	62.435687
7.540000	742.810374
7.545000	431.339480
7.550000	-63.942681
7.555000	-9.841358
7.560000	-169.827386
7.565000	16.621025
7.570000	-7.019284
7.575000	24.070127
7.580000	204.454132
7.585000	163.379575
7.590000	335.578830
7.595000	356.906464
7.600000	220.622727
7.605000	-156.996508
7.610000	-216.111948
7.615000	-40.731505
7.620000	1.242921
7.625000	-29.633754
7.630000	181.643974
7.635000	177.808745
7.640000	131.140981
7.645000	-228.738486
7.650000	-340.538835
7.655000	184.527402
7.660000	288.322806
7.665000	-277.834698
7.670000	-249.673966
7.675000	-212.940172
7.680000	-206.372773
7.685000	31.441847
7.690000	-161.434376
7.695000	107.128254
7.700000	86.344624
7.705000	42.357933
7.710000	-114.629254
7.715000	-413.530194
7.720000	-300.943772
7.725000	-129.560974
7.730000	-272.469086
7.735000	17.658704
7.740000	-110.790817
7.745000	-146.335739
7.750000	85.523969
7.755000	160.248342
7.760000	80.056802
7.765000	-177.596372
7.770000	-319.891087
7.775000	-175.509822
7.780000	51.475676
7.785000	490.767248
7.790000	266.290536
7.795000	92.798399
7.800000	-240.114524
7.805000	-229.835316
7.810000	-124.588540
7.815000	-259.420157
7.820000	-606.510192
7.825000	-445.094413
7.830000	-244.340774
7.835000	-126.048423
7.840000	-248.665671
7.845000	-423.189292
7.850000	12.053832
7.855000	349.899099
7.860000	-431.623769
7.865000	-609.240830
7.870000	153.496463
7.875000	-163.546491
7.880000	-106.320693
7.885000	-503.558508
7.890000	-528.008980
7.895000	-204.533291
7.900000	-199.484087
7.905000	-420.966417
7.910000	-535.739296
7.915000	-166.645132
7.920000	-120.023180
7.925000	-661.194437
7.930000	293.137382
7.935000	121.415419
7.940000	-350.887997
7.945000	3.682251
7.950000	312.918677
7.955000	427.038759
7.960000	-149.440567
7.965000	-1.056934
7.970000	-51.961897
7.975000	-91.749149
7.980000	0.629018
7.985000	-19.555947
7.990000	-459.334216
7.995000	33.795408
8.000000	90.202046
8.005000	-0.628654
8.010000	-13.104226
8.015000	-241.561123
8.020000	386.174806
8.025000	215.762797
8.030000	97.523059
8.035000	3.711759
8.040000	80.587896
8.045000	144.936039
8.050000	-314.063976
8.055000	-2.052796
8.060000	103.354649
8.065000	49.586561
8.070000	-209.985757
8.075000	-120.676851
8.080000	57.329952
8.085000	142.438656
8.090000	378.849266
8.095000	275.178483
8.100000	265.871175
8.105000	46.313480
8.110000	14.940886
8.115000	457.444186
8.120000	333.008211
8.125000	-26.416371
8.130000	-127.377793
8.135000	-435.316418
8.140000	-162.134986
8.145000	96.405179
8.150000	239.261539
8.155000	414.245841
8.160000	279.572269
8.165000	61.784122
8.170000	-416.368357
8.175000	-251.144296
8.180000	-317.531060
8.185000	175.191870
8.190000	449.858545
8.195000	470.257477
8.200000	839.999296
8.205000	365.769446
8.210000	65.724773
8.215000	-177.800117
8.220000	-175.632666
8.225000	-863.777044
8.230000	-764.652179
8.235000	-208.654069
8.240000	-127.005275
8.245000	250.974065
8.250000	-146.716304
8.255000	333.855267
8.260000	42.937883
8.265000	-83.440246
8.270000	55.555350
8.275000	-288.028142
8.280000	89.603006
8.285000	-130.261412
8.290000	-49.193673
8.295000	-531.796173
8.300000	-474.357326
8.305000	-43.849961
8.310000	105.129210
8.315000	-149.538517
8.320000	-212.427936
8.325000	1.425101
8.330000	205.309049
8.335000	134.578224
8.340000	52.880790
8.345000	-138.990804
8.350000	0.760645
8.355000	565.131536
8.360000	159.186024
8.365000	70.853604
8.370000	-463.500137
8.375000	-510.908943
8.380000	25.702497
8.385000	57.245672
8.390000	-250.510834
8.395000	-370.679715
8.400000	363.904127
8.405000	117.325182
8.410000	-40.149213
8.415000	305.567373
8.420000	410.014662
8.425000	399.312716
8.430000	-313.834800
8.435000	430.155474
8.440000	712.375276
8.445000	159.496088
8.450000	-15.158532
8.455000	17.812754
8.460000	128.934313
8.465000	-415.332024
8.470000	100.982440
8.475000	385.660776
8.480000	-211.383677
8.485000	-77.881396
8.490000	-12.171865
8.495000	-34.859059
8.500000	-54.015767
8.505000	149.637257
8.510000	-155.995705
8.515000	-300.014901
8.520000	264.318660
8.525000	227.418378
8.530000	249.265182
8.535000	105.230893
8.540000	174.969931
8.545000	4.900148
8.550000	-341.667248
8.555000	-279.025348
8.560000	-42.515161
8.565000	83.313506
8.570000	-365.032098
8.575000	-379.299092
8.580000	-49.488418
8.585000	122.023683
8.590000	240.183073
8.595000	-448.681878
8.600000	2.650957
8.605000	256.566076
8.610000	-200.862769
8.615000	-89.613927
8.620000	-287.080688
8.625000	-179.295096
8.630000	49.419402
8.635000	219.491145
8.640000	87.856696
8.645000	195.843626
8.650000	-21.345930
8.655000	200.124896
8.660000	277.724056
8.665000	89.701399
8.670000	110.693882
8.675000	366.463776
8.680000	238.861950
8.685000	-292.763438
8.690000	-125.990575
8.695000	-223.476976
8.700000	47.029042
8.705000	521.056286
8.710000	298.975065
8.715000	-91.093913
8.720000	-232.381049
8.725000	-497.382681
8.730000	-418.465443
8.735000	-209.119200
8.740000	-115.640035
8.745000	114.499801
8.750000	-168.347550
8.755000	-450.730754
8.760000	-61.245771
8.765000	-76.911047
8.770000	168.889139
8.775000	522.209730
8.780000	-157.397125
8.785000	325.091964
8.790000	269.063981
8.795000	-29.267040
8.800000	-275.877865
8.805000	-80.075294
8.810000	105.982856
8.815000	-107.512369
8.820000	185.402452
8.825000	3.114379
8.830000	-168.862897
8.835000	-53.290011
8.840000	40.305125
8.845000	294.994851
8.850000	162.008538
8.855000	-349.030655
8.860000	-29.615812
8.865000	25.946550
8.870000	20.697162
8.875000	-234.445140
8.880000	4.361009
8.885000	17.732365
8.890000	1.700420
8.895000	-308.971861
8.900000	35.970058
8.905000	201.587971
8.910000	-463.138604
8.915000	-212.985457
8.920000	-139.380943
8.925000	-120.026502
8.930000	97.573634
8.935000	-101.921144
8.940000	44.881607
8.945000	-27.692577
8.950000	477.522803
8.955000	217.832946
8.960000	-222.597948
8.965000	74.948073
8.970000	-71.490481
8.975000	263.277970
8.980000	263.692856
8.985000	-180.586123
8.990000	37.370987
8.995000	366.054814
9.000000	282.006636
9.005000	469.086679
9.010000	37.755681
9.015000	-19.632610
9.020000	150.384542
9.025000	-357.113707
9.030000	-108.337842
9.035000	229.136047
9.040000	147.881140
9.045000	607.521853
9.050000	403.197908
9.055000	27.564306
9.060000	-7.096043
9.065000	-9.685053
9.070000	-315.601318
9.075000	-217.999159
9.080000	184.069261
9.085000	307.676997
9.090000	146.583589
9.095000	39.251314
9.100000	140.930186
9.105000	295.640421
9.110000	256.399952
9.115000	-269.514495
9.120000	255.781166
9.125000	450.323473
9.130000	-113.808950
9.135000	-23.428002
9.140000	258.432573
9.145000	-61.210260
9.150000	-438.115599
9.155000	-213.891269
9.160000	-90.762366
9.165000	-351.064847
9.170000	-64.013548
9.175000	-241.691869
9.180000	-348.792700
9.185000	73.600086
9.190000	299.689082
9.195000	-44.085433
9.200000	68.453000
9.205000	-2.432272
9.210000	-379.907493
9.215000	316.659448
9.220000	305.749947
9.225000	319.043210
9.230000	-48.470096
9.235000	-247.659381
9.240000	-129.870430
9.245000	-85.265129
9.250000	-173.607573
9.255000	-24.306500
9.260000	54.550432
9.265000	-345.046078
9.270000	-671.852545
9.275000	-630.259630
9.280000	-64.827429
9.285000	108.531601
9.290000	-19.014539
9.295000	-315.422709
9.300000	-212.842749
9.305000	-303.565773
9.310000	-288.228514
9.315000	-279.012139
9.320000	-283.513122
9.325000	179.685240
9.330000	163.095929
9.335000	462.431319
9.340000	740.323704
9.345000	-211.589694
9.350000	-52.762801
9.355000	350.336824
9.360000	301.159999
9.365000	333.656229
9.370000	245.873739
9.375000	472.361031
9.380000	440.028036
9.385000	237.321523
9.390000	419.319175
9.395000	293.825266
9.400000	118.542086
9.405000	-237.871559
9.410000	-481.473827
9.415000	-351.970784
9.420000	-258.893892
9.425000	-209.606477
9.430000	-49.394676
9.435000	-16.679451
9.440000	346.709721
9.445000	-45.501214
9.450000	-197.596959
9.455000	50.648600
9.460000	-71.735204
9.465000	-7.708163
9.470000	306.410751
9.475000	617.820148
9.480000	60.008523
9.485000	-201.053185
9.490000	181.113687
9.495000	139.016410
9.500000	-117.529548
9.505000	-65.413468
9.510000	-124.016001
9.515000	-594.711504
9.520000	-49.942065
9.525000	132.993246
9.530000	191.517707
9.535000	23.902846
9.540000	-361.901646
9.545000	-88.480535
9.550000	112.191508
9.555000	-9.791676
9.560000	70.768743
9.565000	563.755161
9.570000	624.396479
9.575000	257.607689
9.580000	48.568908
9.585000	-106.593620
9.590000	38.257506
9.595000	369.762805
9.600000	319.808706
9.605000	-380.318636
9.610000	110.898682
9.615000	470.710063
9.620000	-188.674645
9.625000	-60.585558
9.630000	17.919308
9.635000	7.540588
9.640000	-117.929439
9.645000	-316.515263
9.650000	-143.970256
9.655000	-50.642902
9.660000	263.920298
9.665000	156.447047
9.670000	-331.215337
9.675000	-204.825936
9.680000	2.545338
9.685000	68.043793
9.690000	-262.501513
9.695000	115.527296
9.700000	-74.954219
9.705000	-354.244341
9.710000	113.414742
9.715000	34.281766
9.720000	-312.967457
9.725000	-151.744209
9.730000	31.155705
9.735000	267.490725
9.740000	707.100739
9.745000	166.620511
9.750000	-240.795607
9.755000	-273.463661
9.760000	155.754942
9.765000	180.594890
9.770000	6.765368
9.775000	58.202964
9.780000	74.886148
9.785000	319.062905
9.790000	-328.688520
9.795000	-196.627543
9.800000	-400.831419
9.805000	94.838868
9.810000	132.240141
9.815000	-226.350772
9.820000	184.529728
9.825000	482.193551
9.830000	-7.109864
9.835000	-70.049043
9.840000	195.317850
9.845000	-32.708823
9.850000	29.686785
9.855000	-102.491570
9.860000	-14.469976
9.865000	-127.734054
9.870000	-225.206079
9.875000	68.352872
9.880000	-136.385894
9.885000	129.026080
9.890000	84.822650
9.895000	-261.328741
9.900000	99.955263
9.905000	-159.472686
9.910000	-15.896933
9.915000	42.779938
9.920000	-279.029577
9.925000	-295.789312
9.930000	-220.962458
9.935000	358.145834
9.940000	497.789336
9.945000	-74.264623
9.950000	-63.657928
9.955000	-177.420629
9.960000	-217.180437
9.965000	-46.742667
9.970000	-28.610495
9.975000	-168.422739
9.980000	-158.049755
9.985000	104.273957
9.990000	26.952901
9.995000	364.309307
10.000000	613.670752
10.005000	-198.793344
10.010000	-288.261521
10.015000	-72.466021
10.020000	382.621868
10.025000	436.710823
10.030000	-54.015326
10.035000	174.871073
10.040000	257.072431
10.045000	90.574489
10.050000	-94.339091
10.055000	-20.828481
10.060000	-555.410991
10.065000	-553.416928
10.070000	-15.723019
10.075000	306.929778
10.080000	56.470275
10.085000	-263.256977
10.090000	-137.900699
10.095000	199.970147
10.100000	-85.047654
10.105000	-231.863371
10.110000	-487.975191
10.115000	-328.725276
10.120000	67.914569
10.125000	-342.725628
10.130000	91.340203
10.135000	-127.576654
10.140000	-278.779468
10.145000	-66.476461
10.150000	109.961283
10.155000	-106.444043
10.160000	354.450060
10.165000	379.939884
10.170000	-156.379238
10.175000	-105.036330
10.180000	78.804646
10.185000	-276.076966
10.190000	-62.361284
10.195000	-172.456808
10.200000	-687.687404
10.205000	234.010808
10.210000	391.299724
10.215000	-58.799506
10.220000	58.760887
10.225000	84.668371
10.230000	193.556671
10.235000	214.290810
10.240000	-368.708286
10.245000	-237.847487
10.250000	-101.212371
10.255000	-73.307339
10.260000	283.208477
10.265000	-0.324811
10.270000	364.155972
10.275000	271.167059
10.280000	-46.444068
10.285000	206.157745
10.290000	-89.021993
10.295000	26.682602
10.300000	-40.212258
10.305000	-270.977096
10.310000	-213.947311
10.315000	-124.871209
10.320000	82.719090
10.325000	154.105470
10.330000	123.661409
10.335000	163.248841
10.340000	199.927495
10.345000	178.958514
10.350000	47.980036
10.355000	-16.955255
10.360000	120.573187
10.365000	-82.647808
10.370000	-66.041243
10.375000	301.342203
10.380000	215.482445
10.385000	263.630473
10.390000	166.374898
10.395000	28.750351
10.400000	161.029833
10.405000	-157.054021
10.410000	-108.029145
10.415000	164.845825
10.420000	223.029367
10.425000	136.600444
10.430000	-66.284012
10.435000	322.995608
10.440000	408.742485
10.445000	150.395874
10.450000	-283.678968
10.455000	-230.547936
10.460000	310.097672
10.465000	188.820524
10.470000	-109.496502
10.475000	166.380136
10.480000	384.342656
10.485000	-270.734429
10.490000	-113.727674
10.495000	277.342284
10.500000	220.363862
10.505000	-146.887124
10.510000	-416.466701
10.515000	-155.684806
10.520000	-136.231124
10.525000	-313.681475
10.530000	213.296605
10.535000	301.347274
10.540000	-77.054264
10.545000	-71.049900
10.550000	-219.754187
10.555000	-27.673323
10.560000	-193.738762
10.565000	-210.624134
10.570000	-129.378817
10.575000	-416.213093
10.580000	-312.402589
10.585000	92.606815
10.590000	-15.089649
10.595000	-98.077807
10.600000	102.023652
10.605000	255.072033
10.610000	208.075591
10.615000	519.910047
10.620000	435.014465
10.625000	131.408872
10.630000	-384.227159
10.635000	-11.597728
10.640000	6.642794
10.645000	-115.279306
10.650000	15.824426
10.655000	126.943350
10.660000	-329.961148
10.665000	86.124779
10.670000	29.870636
10.675000	-537.588245
10.680000	248.270131
10.685000	215.512323
10.690000	-280.423768
10.695000	-347.560216
10.700000	123.825873
10.705000	229.493776
10.710000	188.893448
10.715000	-354.174304
10.720000	-125.890852
10.725000	209.406225
10.730000	17.646740
10.735000	-40.848045
10.740000	-295.450871
10.745000	122.049881
10.750000	160.147024
10.755000	-457.894790
10.760000	-208.439580
10.765000	-259.564100
10.770000	4.496261
10.775000	-124.294671
10.780000	-397.688723
10.785000	-12.221354
10.790000	52.397719
10.795000	-42.544269
10.800000	-208.935812
10.805000	1.372663
10.810000	74.806458
10.815000	3.716035
10.820000	88.388268
10.825000	240.791052
10.830000	-171.017319
10.835000	378.160236
10.840000	-28.685378
10.845000	-388.296376
10.850000	-107.445389
10.855000	33.450857
10.860000	255.789538
10.865000	-180.990657
10.870000	350.025863
10.875000	278.371016
10.880000	-9.523320
10.885000	470.297078
10.890000	-222.734689
10.895000	-258.580796
10.900000	-245.614459
10.905000	11.791793
10.910000	429.895665
10.915000	-187.143657
10.920000	-166.624132
10.925000	-160.981823
10.930000	-56.787436
10.935000	-0.922536
10.940000	109.678396
10.945000	226.755203
10.950000	157.074193
10.955000	789.606456
10.960000	344.208694
10.965000	-200.461983
10.970000	368.282076
10.975000	-110.410221
10.980000	-295.516731
10.985000	-107.885260
10.990000	-692.711874
10.995000	-653.224891
11.000000	-225.843897
11.005000	-282.943571
11.010000	103.055940
11.015000	-5.010048
11.020000	-428.120879
11.025000	-276.457371
11.030000	-76.817298
11.035000	-339.714203
11.040000	70.580021
11.045000	-38.636139
11.050000	-285.550972
11.055000	477.765985
11.060000	646.491423
11.065000	-220.642770
11.070000	-55.122789
11.075000	162.167790
11.080000	192.175650
11.085000	332.549561
11.090000	76.106166
11.095000	-312.962499
11.100000	78.678734
11.105000	242.970439
11.110000	-384.128971
11.115000	-176.549053
11.120000	75.243408
11.125000	9.317989
11.130000	-384.540316
11.135000	-205.876645
11.140000	42.226360
11.145000	-524.634702
11.150000	-47.045016
11.155000	439.961560
11.160000	-264.856125
11.165000	103.684131
11.170000	23.074777
11.175000	243.185007
11.180000	513.679493
11.185000	161.586842
11.190000	-237.367949
11.195000	-530.365414
11.200000	-54.682511
11.205000	-77.447179
11.210000	-326.196802
11.215000	-42.174846
11.220000	301.499669
11.225000	177.280966
11.230000	79.710812
11.235000	164.739430
11.240000	52.467618
11.245000	-339.427770
11.250000	-14.427097
11.255000	87.177275
11.260000	116.803070
11.265000	67.867859
11.270000	-241.501161
11.275000	-246.108454
11.280000	-135.194079
11.285000	-27.918714
11.290000	-112.977380
11.295000	-415.177922
11.300000	-308.528314
11.305000	30.522427
11.310000	-184.667265
11.315000	51.496678
11.320000	-1.078420
11.325000	267.759556
11.330000	175.494610
11.335000	-81.548051
11.340000	205.648013
11.345000	147.904190
11.350000	496.825387
11.355000	178.584475
11.360000	-74.038191
11.365000	44.897178
11.370000	-38.651745
11.375000	232.720067
11.380000	94.244642
11.385000	96.938799
11.390000	-85.301113
11.395000	-171.592392
11.400000	-267.475583
11.405000	-40.738491
11.410000	106.376403
11.415000	-171.608168
11.420000	294.469282
11.425000	54.987596
11.430000	253.324810
11.435000	498.090218
11.440000	186.843895
11.445000	285.392389
11.450000	152.896214
11.455000	128.320289
11.460000	75.638198
11.465000	-465.508299
11.470000	-323.441510
11.475000	-128.479141
11.480000	-486.412814
11.485000	-405.722892
11.490000	131.242214
11.495000	63.671563
11.500000	89.415785
11.505000	358.335563
11.510000	156.873077
11.515000	427.769360
11.520000	473.674953
11.525000	-118.363377
11.530000	-254.575111
11.535000	-524.881000
11.540000	-263.681741
11.545000	349.052400
11.550000	-82.882494
11.555000	-166.268402
11.560000	47.463582
11.565000	-38.968702
11.570000	125.904880
11.575000	194.543197
11.580000	182.980218
11.585000	472.918764
11.590000	95.596309
11.595000	-5.540227
11.600000	-193.751901
11.605000	-270.222365
11.610000	483.562602
11.615000	-9.279785
11.620000	-359.611659
11.625000	29.587314
11.630000	-9.954917
11.635000	-86.803132
11.640000	-30.874369
11.645000	-190.225582
11.650000	102.195159
11.655000	-54.291586
11.660000	533.207093
11.665000	380.445692
11.670000	-710.758998
11.675000	-700.146540
11.680000	-39.169638
11.685000	-104.917205
11.690000	21.548462
11.695000	404.336658
11.700000	-244.652947
11.705000	139.279246
11.710000	366.182012
11.715000	-73.924271
11.720000	313.840985
11.725000	427.639291
11.730000	382.754040
11.735000	99.343748
11.740000	-113.279719
11.745000	123.585138
11.750000	138.944279
11.755000	164.614686
11.760000	156.717105
11.765000	127.272114
11.770000	-289.713196
11.775000	-555.193670
11.780000	-121.060628
11.785000	-83.296639
11.790000	-120.342361
11.795000	-68.578888
11.800000	-189.071316
11.805000	164.597784
11.810000	401.567565
11.815000	28.861262
11.820000	-496.884645
11.825000	-269.843113
11.830000	5.118220
11.835000	-49.253868
11.840000	182.954367
11.845000	-21.702793
11.850000	-413.385629
11.855000	-106.725989
11.860000	-128.836282
11.865000	-27.201505
11.870000	159.951261
11.875000	-255.311938
11.880000	-305.385277
11.885000	-115.137959
11.890000	-174.522588
11.895000	-32.053493
11.900000	-613.575445
11.905000	-638.285161
11.910000	-101.387860
11.915000	382.538383
11.920000	282.425103
11.925000	-15.849892
11.930000	-204.148096
11.935000	-180.344806
11.940000	161.566619
11.945000	-318.938458
11.950000	-121.505494
11.955000	105.022226
11.960000	-438.225558
11.965000	-430.661409
11.970000	456.301075
11.975000	373.929018
11.980000	-30.720700
11.985000	399.115493
11.990000	54.929019
11.995000	-273.034556
12.000000	-154.924233
12.005000	-222.785956
12.010000	-198.208371
12.015000	138.103544
12.020000	173.117796
12.025000	318.845635
12.030000	20.341586
12.035000	178.219733
12.040000	361.900038
12.045000	-514.656287
12.050000	-194.453664
12.055000	312.292533
12.060000	156.022197
12.065000	-24.810644
12.070000	-162.531558
12.075000	-187.729799
12.080000	168.051520
12.085000	113.894590
12.090000	264.240769
12.095000	120.341300
12.100000	-72.539566
12.105000	-28.312976
12.110000	11.002598
12.115000	183.058864
12.120000	181.631244
12.125000	183.030416
12.130000	270.164879
12.135000	324.655529
12.140000	178.802678
12.145000	62.878793
12.150000	135.746103
12.155000	317.761778
12.160000	407.723023
12.165000	220.676051
12.170000	-311.104918
12.175000	144.766171
12.180000	134.483941
12.185000	-264.454372
12.190000	-190.768001
12.195000	202.640712
12.200000	200.260659
12.205000	-483.588550
12.210000	-168.792763
12.215000	-98.839965
12.220000	349.330439
12.225000	354.329335
12.230000	-199.941666
12.235000	-83.864210
12.240000	-327.990068
12.245000	67.432238
12.250000	88.843388
12.255000	-74.664659
12.260000	213.887112
12.265000	210.157631
12.270000	-189.030723
12.275000	246.109449
12.280000	178.135993
12.285000	3.651817
12.290000	-116.618356
12.295000	-236.012922
12.300000	435.351353
12.305000	-181.591314
12.310000	-145.343049
12.315000	37.002389
12.320000	-206.069643
12.325000	-262.477141
12.330000	31.337812
12.335000	379.386314
12.340000	-295.125767
12.345000	-264.170405
12.350000	216.256247
12.355000	329.404310
12.360000	599.311002
12.365000	444.153695
12.370000	-32.261212
12.375000	25.813304
12.380000	311.850700
12.385000	2.961963
12.390000	-130.424884
12.395000	350.143201
12.400000	27.610429
12.405000	116.206384
12.410000	172.290143
12.415000	-162.181064
12.420000	52.625065
12.425000	153.081097
12.430000	215.040849
12.435000	-22.746403
12.440000	-289.827345
12.445000	-547.430623
12.450000	-454.309998
12.455000	-122.794097
12.460000	432.488452
12.465000	123.890725
12.470000	522.387108
12.475000	39.922759
12.480000	-598.515856
12.485000	-180.983130
12.490000	-107.772120
12.495000	-280.966871
12.500000	-321.776097
12.505000	413.210791
12.510000	264.708701
12.515000	149.858002
12.520000	-5.283151
12.525000	-321.120684
12.530000	-510.648305
12.535000	-269.910039
12.540000	-119.470631
12.545000	-176.826903
12.550000	-133.252683
12.555000	-114.336942
12.560000	287.997005
12.565000	255.174612
12.570000	-93.331426
12.575000	-22.323646
12.580000	157.634815
12.585000	154.619263
12.590000	136.990893
12.595000	208.596607
12.600000	-224.676441
12.605000	-576.105685
12.610000	-27.469405
12.615000	-202.939776
12.620000	-277.011696
12.625000	-78.931682
12.630000	-179.963769
12.635000	-84.099941
12.640000	126.055669
12.645000	-325.706713
12.650000	-506.670491
12.655000	-227.051277
12.660000	-463.000619
12.665000	-702.140256
12.670000	-313.873649
12.675000	227.273831
12.680000	-77.689749
12.685000	-176.864811
12.690000	37.678643
12.695000	-91.060531
12.700000	31.610065
12.705000	243.453957
12.710000	135.414412
12.715000	377.238843
12.720000	503.364103
12.725000	246.773771
12.730000	1.729489
12.735000	5.087235
12.740000	-23.175615
12.745000	-169.194773
12.750000	108.198830
12.755000	-24.548259
12.760000	-595.398150
12.765000	-521.237426
12.770000	-101.418575
12.775000	-251.022672
12.780000	-325.830507
12.785000	-439.087480
12.790000	-318.172265
12.795000	-64.232737
12.800000	-87.228583
12.805000	76.299266
12.810000	137.432252
12.815000	-291.482069
12.820000	-734.592313
12.825000	-403.683456
12.830000	140.510718
12.835000	-64.576399
12.840000	-415.672234
12.845000	-125.315062
12.850000	146.365974
12.855000	209.950103
12.860000	-85.500750
12.865000	14.540009
12.870000	-61.945119
12.875000	101.370038
12.880000	-296.319972
12.885000	22.740727
12.890000	552.004369
12.895000	714.655480
12.900000	48.153905
12.905000	-190.911099
12.910000	-4.579014
12.915000	-392.858691
12.920000	-224.807723
12.925000	-94.050241
12.930000	353.020886
12.935000	223.588933
12.940000	-584.691122
12.945000	-683.166568
12.950000	-201.040586
12.955000	-2.512803
12.960000	-122.645964
12.965000	144.479643
12.970000	308.749595
12.975000	252.967462
12.980000	658.573089
12.985000	411.262325
12.990000	97.400848
12.995000	-240.743308
13.000000	-46.746956
13.005000	194.197649
13.010000	-326.129527
13.015000	-237.009639
13.020000	12.323087
13.025000	212.260665
13.030000	140.765187
13.035000	247.093740
13.040000	200.470911
13.045000	-47.043671
13.050000	-339.813589
13.055000	31.494001
13.060000	57.389030
13.065000	-5.188051
13.070000	101.462817
13.075000	-393.072391
13.080000	-222.903174
13.085000	124.353760
13.090000	-377.729340
13.095000	-284.069067
13.100000	59.572718
13.105000	421.674769
13.110000	481.468606
13.115000	-19.877121
13.120000	333.522134
13.125000	373.435730
13.130000	252.774729
13.135000	80.585415
13.140000	0.028332
13.145000	60.671025
13.150000	-290.458577
13.155000	-302.763816
13.160000	-268.360030
13.165000	-325.769391
13.170000	-305.803570
13.175000	-390.504825
13.180000	-29.811563
13.185000	144.197185
13.190000	48.464905
13.195000	-90.691018
13.200000	-46.509118
13.205000	179.042569
13.210000	489.378660
13.215000	97.520292
13.220000	-265.382840
13.225000	-579.619886
13.230000	-761.308359
13.235000	-357.864698
13.240000	93.678793
13.245000	415.736347
13.250000	488.730835
13.255000	111.219503
13.260000	-25.264728
13.265000	297.734386
13.270000	-359.050620
13.275000	133.771065
13.280000	87.791871
13.285000	-146.540966
13.290000	-341.096451
13.295000	-124.441746
13.300000	498.448406
13.305000	-94.139359
13.310000	-268.139155
13.315000	62.013596
13.320000	140.112074
13.325000	-268.909670
13.330000	-242.227826
13.335000	-231.053573
13.340000	99.438289
13.345000	46.310115
13.350000	-519.542148
13.355000	198.811832
13.360000	-106.214099
13.365000	-229.946473
13.370000	-111.907447
13.375000	32.862814
13.380000	45.217438
13.385000	-277.898855
13.390000	216.440206
13.395000	167.385708
13.400000	-295.945114
13.405000	143.211014
13.410000	59.523457
13.415000	-28.199980
13.420000	-121.877221
13.425000	-193.653534
13.430000	137.854244
13.435000	300.729984
13.440000	67.529500
13.445000	290.937822
13.450000	97.341292
13.455000	-376.669316
13.460000	-133.637453
13.465000	197.004909
13.470000	527.016123
13.475000	456.413965
13.480000	28.774175
13.485000	-71.285203
13.490000	294.561971
13.495000	226.119309
13.500000	500.302806
13.505000	333.786676
13.510000	-90.444551
13.515000	-29.517622
13.520000	-74.034128
13.525000	214.503363
13.530000	636.962368
13.535000	205.742324
13.540000	140.656627
13.545000	-7.337747
13.550000	-337.536104
13.555000	-412.691267
13.560000	360.435351
13.565000	173.247323
13.570000	-114.161613
13.575000	459.674422
13.580000	155.464297
13.585000	57.588473
13.590000	-91.032814
13.595000	77.628458
13.600000	142.404960
13.605000	-200.910904
13.610000	-322.453404
13.615000	-665.936761
13.620000	-491.945607
13.625000	-15.994246
13.630000	412.789116
13.635000	-160.756062
13.640000	134.038849
13.645000	192.046409
13.650000	-42.851736
13.655000	-139.603800
13.660000	229.744541
13.665000	329.092628
13.670000	68.470496
13.675000	-149.147447
13.680000	-157.392005
13.685000	-421.917844
13.690000	315.942388
13.695000	398.300359
13.700000	-26.716300
13.705000	-482.193795
13.710000	-261.025571
13.715000	107.734406
13.720000	-81.401983
13.725000	177.906828
13.730000	147.434890
13.735000	334.236679
13.740000	213.437726
13.745000	210.290248
13.750000	-333.924434
13.755000	19.090261
13.760000	-190.176479
13.765000	-110.143556
13.770000	45.294415
13.775000	6.146303
13.780000	270.207086
13.785000	562.302419
13.790000	-0.824155
13.795000	16.306003
13.800000	92.224476
13.805000	-414.495532
13.810000	41.612533
13.815000	-39.442228
13.820000	-460.461349
13.825000	-348.627100
13.830000	5.077105
13.835000	190.875140
13.840000	68.905267
13.845000	-4.211484
13.850000	300.565647
13.855000	460.658408
13.860000	227.097842
13.865000	62.411729
13.870000	232.942012
13.875000	169.660071
13.880000	342.466387
13.885000	61.730446
13.890000	27.705330
13.895000	542.524310
13.900000	630.055409
13.905000	188.976694
13.910000	-78.389567
13.915000	91.868638
13.920000	-203.919948
13.925000	161.736341
13.930000	-49.810072
13.935000	-107.752464
13.940000	90.297008
13.945000	297.859217
13.950000	78.933681
13.955000	-424.935143
13.960000	-370.802890
13.965000	-221.702195
13.970000	-64.222038
13.975000	36.591973
13.980000	21.831146
13.985000	106.825425
13.990000	-170.981228
13.995000	-612.674009
14.000000	-338.581911
14.005000	-211.530964
14.010000	-7.834947
14.015000	50.164571
14.020000	71.501641
14.025000	134.715540
14.030000	-166.148458
14.035000	170.254902
14.040000	494.150619
14.045000	159.741118
14.050000	190.952344
14.055000	120.960511
14.060000	179.944497
14.065000	47.032843
14.070000	-170.786388
14.075000	-239.488488
14.080000	-309.807773
14.085000	-293.494547
14.090000	-225.612506
14.095000	-273.443517
14.100000	-57.940750
14.105000	-452.976968
14.110000	-658.447176
14.115000	-219.375335
14.120000	-275.996881
14.125000	-201.762426
14.130000	-154.444829
14.135000	-138.939394
14.140000	-1.256908
14.145000	-79.885775
14.150000	131.860170
14.155000	33.950609
14.160000	1.178645
14.165000	313.496979
14.170000	220.142036
14.175000	-472.108164
14.180000	-424.429714
14.185000	138.950719
14.190000	102.863698
14.195000	-182.193380
14.200000	-173.995870
14.205000	-0.674679
14.210000	193.933478
14.215000	-132.695442
14.220000	-53.582008
14.225000	496.859883
14.230000	274.421130
14.235000	258.211633
14.240000	-217.605682
14.245000	-405.522066
14.250000	-94.153310
14.255000	177.398860
14.260000	373.964742
14.265000	91.318392
14.270000	-45.607781
14.275000	48.547229
14.280000	485.080570
14.285000	84.689963
14.290000	162.587235
14.295000	659.993875
14.300000	-118.400196
14.305000	66.299492
14.310000	53.911697
14.315000	-54.165209
14.320000	594.427186
14.325000	465.781298
14.330000	151.280401
14.335000	154.321973
14.340000	116.115954
14.345000	-16.512242
14.350000	414.868233
14.355000	415.204542
14.360000	-258.384965
14.365000	-248.329962
14.370000	-101.995583
14.375000	-409.384908
14.380000	-640.608864
14.385000	-512.751885
14.390000	153.345342
14.395000	364.407324
14.400000	460.167427
14.405000	313.059252
14.410000	-110.096542
14.415000	-258.570909
14.420000	189.835744
14.425000	307.007253
14.430000	198.158731
14.435000	-57.126818
14.440000	-28.579175
14.445000	378.289737
14.450000	238.758291
14.455000	55.754384
14.460000	-36.947721
14.465000	-387.852409
14.470000	262.449461
14.475000	272.998358
14.480000	-233.418862
14.485000	-86.563643
14.490000	20.738579
14.495000	17.647612
14.500000	252.982158
14.505000	498.962320
14.510000	-9.001634
14.515000	255.061654
14.520000	520.811537
14.525000	711.239001
14.530000	280.188913
14.535000	-517.667473
14.540000	-24.204237
14.545000	543.773780
14.550000	15.583775
14.555000	116.177949
14.560000	-11.925455
14.565000	-328.382141
14.570000	-95.226026
14.575000	40.319790
14.580000	-374.097442
14.585000	-618.233864
14.590000	-305.798893
14.595000	3.085974
14.600000	131.447829
14.605000	365.608424
14.610000	293.767793
14.615000	105.100441
14.620000	379.901361
14.625000	145.914373
14.630000	-366.407268
14.635000	74.121035
14.640000	550.905411
14.645000	230.405303
14.650000	-86.606491
14.655000	-195.179756
14.660000	108.243151
14.665000	42.390464
14.670000	-396.102924
14.675000	-207.777381
14.680000	-205.598130
14.685000	36.090199
14.690000	133.008245
14.695000	-158.151699
14.700000	175.183957
14.705000	251.693920
14.710000	82.038228
14.715000	101.146891
14.720000	28.890990
14.725000	-31.131025
14.730000	-207.950676
14.735000	-167.508240
14.740000	179.273182
14.745000	-392.388231
14.750000	-470.355841
14.755000	-81.906743
14.760000	209.258021
14.765000	-35.720165
14.770000	-394.076536
14.775000	-402.343004
14.780000	48.961299
14.785000	-91.082905
14.790000	-235.846528
14.795000	-38.177015
14.800000	-219.018392
14.805000	-213.072613
14.810000	622.307231
14.815000	297.500801
14.820000	-195.914422
14.825000	-283.800585
14.830000	-315.489647
14.835000	348.342302
14.840000	169.688608
14.845000	-142.448598
14.850000	-93.833099
14.855000	411.039197
14.860000	271.837146
14.865000	134.053814
14.870000	-95.560826
14.875000	117.445966
14.880000	-138.917413
14.885000	-335.958178
14.890000	-596.317386
14.895000	-64.181594
14.900000	-601.714979
14.905000	-812.143287
14.910000	84.769415
14.915000	-75.145497
14.920000	-223.468664
14.925000	-46.483195
14.930000	126.942561
14.935000	142.634092
14.940000	93.032495
14.945000	372.066881
14.950000	186.132813
14.955000	-180.803369
14.960000	38.910224
14.965000	56.340614
14.970000	190.623067
14.975000	-88.861027
14.980000	-195.789973
14.985000	-140.208539
14.990000	-111.421673
14.995000	149.936830
15.000000	402.273617
15.005000	101.067278
15.010000	129.836721
15.015000	281.441555
15.020000	-279.684472
15.025000	-157.794894
15.030000	166.293823
15.035000	89.940287
15.040000	-113.371832
15.045000	-436.609661
15.050000	-357.608541
15.055000	197.778230
15.060000	89.031371
15.065000	-178.092526
15.070000	-55.217416
15.075000	-323.790759
15.080000	-282.588152
15.085000	263.349798
15.090000	43.225899
15.095000	136.239721
15.100000	189.832579
15.105000	-205.656104
15.110000	-211.279073
15.115000	-374.107843
15.120000	-236.091550
15.125000	-39.516723
15.130000	-142.984466
15.135000	-45.192353
15.140000	26.147123
15.145000	125.913949
15.150000	234.165099
15.155000	-0.003917
15.160000	-113.353470
15.165000	-546.123307
15.170000	-30.274024
15.175000	512.334665
15.180000	-39.868669
15.185000	-260.293272
15.190000	234.458128
15.195000	330.971201
15.200000	186.892401
15.205000	95.682016
15.210000	254.293712
15.215000	181.150689
15.220000	98.749811
15.225000	136.145495
15.230000	-59.119905
15.235000	194.499228
15.240000	201.741474
15.245000	-438.377151
15.250000	246.576727
15.255000	301.818551
15.260000	106.481058
15.265000	-238.582777
15.270000	-113.176564
15.275000	10.601793
15.280000	-138.520447
15.285000	271.107872
15.290000	411.906133
15.295000	349.403448
15.300000	-96.374047
15.305000	-216.063819
15.310000	-187.529429
15.315000	10.456555
15.320000	-31.008973
15.325000	455.436333
15.330000	524.178899
15.335000	291.035190
15.340000	162.926218
15.345000	41.212967
15.350000	-39.432539
15.355000	-95.934113
15.360000	-305.137498
15.365000	-505.092043
15.370000	-54.426897
15.375000	-17.852271
15.380000	303.135866
15.385000	416.159335
15.390000	13.240870
15.395000	-35.130985
15.400000	-83.573656
15.405000	51.354485
15.410000	283.063014
15.415000	700.376140
15.420000	422.095202
15.425000	8.436548
15.430000	-119.535856
15.435000	-204.943422
15.440000	450.675442
15.445000	571.353945
15.450000	-12.149426
15.455000	-254.728002
15.460000	-266.752560
15.465000	-339.686084
15.470000	25.381451
15.475000	130.220839
15.480000	-195.277243
15.485000	-104.406614
15.490000	63.444887
15.495000	172.043023
15.500000	-138.270216
15.505000	-9.780559
15.510000	263.516801
15.515000	8.985024
15.520000	76.230344
15.525000	-41.183784
15.530000	-101.526851
15.535000	-81.307010
15.540000	214.673690
15.545000	82.958689
15.550000	-120.856871
15.555000	296.278144
15.560000	324.999319
15.565000	106.638949
15.570000	-51.877076
15.575000	-293.610908
15.580000	-165.119841
15.585000	369.441920
15.590000	242.376925
15.595000	228.711168
15.600000	58.747212
15.605000	133.866630
15.610000	-318.835568
15.615000	-196.082545
15.620000	-376.392833
15.625000	-432.558947
15.630000	-128.257589
15.635000	-53.352912
15.640000	-189.001120
15.645000	100.974909
15.650000	296.519976
15.655000	-540.044899
15.660000	-505.020041
15.665000	-112.318808
15.670000	235.800591
15.675000	258.726681
15.680000	-125.415334
15.685000	-511.999049
15.690000	-479.161404
15.695000	-207.500423
15.700000	-85.637583
15.705000	-133.245509
15.710000	-379.937430
15.715000	61.899316
15.720000	554.021489
15.725000	15.581393
15.730000	-34.024180
15.735000	320.918547
15.740000	682.981770
15.745000	72.277740
15.750000	-292.699812
15.755000	-96.795602
15.760000	-53.074251
15.765000	-174.307707
15.770000	-399.871896
15.775000	-108.311578
15.780000	0.908866
15.785000	283.962544
15.790000	350.989615
15.795000	-107.239729
15.800000	156.044294
15.805000	141.116067
15.810000	-152.132717
15.815000	75.379993
15.820000	-267.960725
15.825000	-297.787761
15.830000	-44.218448
15.835000	-15.728726
15.840000	-27.642565
15.845000	466.236840
15.850000	-9.874472
15.855000	96.754347
15.860000	344.223090
15.865000	178.173721
15.870000	94.582317
15.875000	-91.849847
15.880000	-144.158118
15.885000	-94.174548
15.890000	-81.035859
15.895000	-101.431420
15.900000	418.647827
15.905000	429.043445
15.910000	26.019469
15.915000	-49.072878
15.920000	-195.992939
15.925000	93.552916
15.930000	211.430601
15.935000	-85.689833
15.940000	118.592969
15.945000	188.066784
15.950000	346.448181
15.955000	124.369558
15.960000	-194.927307
15.965000	160.661041
15.970000	546.592088
15.975000	40.724253
15.980000	-213.329957
15.985000	-94.597274
15.990000	-22.252597
15.995000	-111.924430
16.000000	146.256188
16.005000	-144.117528
16.010000	-222.651821
16.015000	-521.270301
16.020000	-331.976498
16.025000	54.646624
16.030000	378.487271
16.035000	313.176850
16.040000	-118.375874
16.045000	-87.510143
16.050000	216.040550
16.055000	62.025953
16.060000	-90.603005
16.065000	-400.565823
16.070000	279.283733
16.075000	386.219093
16.080000	-113.420735
16.085000	450.725769
16.090000	244.185834
16.095000	142.198763
16.100000	307.658696
16.105000	320.373470
16.110000	28.004114
16.115000	-95.013799
16.120000	-31.859364
16.125000	97.396517
16.130000	276.111216
16.135000	-231.120417
16.140000	207.331230
16.145000	476.424475
16.150000	767.718639
16.155000	321.397166
16.160000	6.530144
16.165000	-142.250191
16.170000	-317.595600
16.175000	247.999759
16.180000	227.792006
16.185000	-11.046490
16.190000	77.278146
16.195000	24.620360
16.200000	116.422493
16.205000	260.242907
16.210000	-73.188230
16.215000	51.325337
16.220000	-155.400134
16.225000	-95.771130
16.230000	-66.962606
16.235000	-148.535087
16.240000	-505.363605
16.245000	-148.860561
16.250000	367.702526
16.255000	436.065014
16.260000	171.047899
16.265000	399.148005
16.270000	-106.792047
16.275000	-420.714400
16.280000	-343.499009
16.285000	-522.879171
16.290000	116.650883
16.295000	-38.296308
16.300000	-116.053335
16.305000	114.112991
16.310000	-203.704384
16.315000	-338.095524
16.320000	-445.890185
16.325000	28.316383
16.330000	-80.876922
16.335000	-46.271912
16.340000	535.899178
16.345000	215.674422
16.350000	-63.717872
16.355000	311.423437
16.360000	115.398644
16.365000	281.520269
16.370000	248.480053
16.375000	28.433118
16.380000	300.283592
16.385000	141.398154
16.390000	157.951902
16.395000	104.616651
16.400000	479.506868
16.405000	-147.088537
16.410000	-214.663842
16.415000	542.989184
16.420000	217.927425
16.425000	120.025367
16.430000	-72.845899
16.435000	-587.515351
16.440000	-666.376720
16.445000	-244.853612
16.450000	132.816362
16.455000	161.351203
16.460000	83.904971
16.465000	-417.475978
16.470000	-268.694320
16.475000	-175.999545
16.480000	-401.949366
16.485000	-112.771677
16.490000	-58.273935
16.495000	-190.432508
16.500000	-360.893407
16.505000	0.928131
16.510000	25.697342
16.515000	-152.247575
16.520000	56.865863
16.525000	200.933879
16.530000	-49.524314
16.535000	216.115977
16.540000	121.784088
16.545000	89.496206
16.550000	295.967793
16.555000	485.081912
16.560000	59.776230
16.565000	-405.999218
16.570000	109.175966
16.575000	-69.819355
16.580000	27.121664
16.585000	354.500249
16.590000	237.941996
16.595000	-284.509223
16.600000	61.037334
16.605000	247.960381
16.610000	-370.267133
16.615000	-305.121317
16.620000	-81.356013
16.625000	113.122327
16.630000	78.339084
16.635000	-268.692200
16.640000	-211.797762
16.645000	-53.610801
16.650000	-24.642527
16.655000	-202.583114
16.660000	-608.345809
16.665000	-211.849368
16.670000	-176.758552
16.675000	-392.417464
16.680000	126.538447
16.685000	-40.993818
16.690000	-260.838356
16.695000	73.974250
16.700000	-185.956270
16.705000	271.088773
16.710000	396.009139
16.715000	84.184596
16.720000	621.302347
16.725000	811.911416
16.730000	-98.620475
16.735000	-321.073351
16.740000	-218.598103
16.745000	-918.909971
16.750000	-477.467829
16.755000	541.991901
16.760000	65.854942
16.765000	-73.266817
16.770000	443.953463
16.775000	416.350560
16.780000	-47.787891
16.785000	-145.490665
16.790000	-209.589234
16.795000	-128.256032
16.800000	-229.506024
16.805000	-183.765374
16.810000	-367.529720
16.815000	-146.572195
16.820000	442.478918
16.825000	261.113581
16.830000	480.627105
16.835000	518.445573
16.840000	-203.656692
16.845000	366.280454
16.850000	230.484910
16.855000	205.899304
16.860000	459.726162
16.865000	481.323102
16.870000	464.117517
16.875000	67.993085
16.880000	-158.175068
16.885000	-58.354972
16.890000	-269.357055
16.895000	-605.278345
16.900000	36.822149
16.905000	262.190802
16.910000	574.938246
16.915000	-21.787310
16.920000	-54.959955
16.925000	-119.231997
16.930000	-134.029492
16.935000	-26.059077
16.940000	-519.182165
16.945000	21.003701
16.950000	-42.821451
16.955000	-266.902813
16.960000	-590.454079
16.965000	-656.191413
16.970000	-163.043231
16.975000	139.947052
16.980000	10.455235
16.985000	-117.933612
16.990000	-13.806687
16.995000	165.611121
17.000000	458.441911
17.005000	42.610825
17.010000	-213.334258
17.015000	-251.995291
17.020000	-218.827520
17.025000	-295.224029
17.030000	-372.953436
17.035000	123.029465
17.040000	121.353442
17.045000	81.512920
17.050000	1.634656
17.055000	66.165689
17.060000	287.037639
17.065000	121.521819
17.070000	8.194600
17.075000	379.854753
17.080000	117.434616
17.085000	-88.973586
17.090000	48.955904
17.095000	161.528515
17.100000	573.694400
17.105000	89.594127
17.110000	11.400674
17.115000	252.261866
17.120000	169.748218
17.125000	-22.348949
17.130000	87.771845
17.135000	-134.647771
17.140000	-401.762481
17.145000	-196.354033
17.150000	134.020222
17.155000	162.251858
17.160000	-74.323604
17.165000	-157.056631
17.170000	3.923615
17.175000	-31.414002
17.180000	-138.297464
17.185000	585.313643
17.190000	616.688844
17.195000	106.147948
17.200000	102.808439
17.205000	373.075975
17.210000	74.167816
17.215000	-322.093501
17.220000	101.118451
17.225000	165.927608
17.230000	-141.232371
17.235000	-12.499890
17.240000	-423.628765
17.245000	-27.622573
17.250000	-124.857276
17.255000	-310.949388
17.260000	-184.619357
17.265000	-56.303668
17.270000	-262.892484
17.275000	-457.074158
17.280000	183.041185
17.285000	270.479868
17.290000	194.598979
17.295000	41.621411
17.300000	-6.160679
17.305000	-348.381059
17.310000	23.496974
17.315000	198.975761
17.320000	-138.597760
17.325000	-281.553008
17.330000	-80.771356
17.335000	114.171967
17.340000	-567.309975
17.345000	-294.484085
17.350000	318.943644
17.355000	338.573305
17.360000	104.557217
17.365000	-234.585074
17.370000	-88.538523
17.375000	-109.905201
17.380000	-408.029849
17.385000	-63.229665
17.390000	289.326625
17.395000	357.935070
17.400000	-24.122694
17.405000	-4.366531
17.410000	-338.880204
17.415000	-105.695226
17.420000	125.668757
17.425000	-677.741793
17.430000	-444.586112
17.435000	-77.443561
17.440000	339.200959
17.445000	219.180800
17.450000	-217.277497
17.455000	-506.418389
17.460000	128.355632
17.465000	-18.897275
17.470000	-35.600408
17.475000	93.501479
17.480000	-472.597451
17.485000	-447.522280
17.490000	-322.134351
17.495000	132.577908
17.500000	-22.544759
17.505000	-618.119492
17.510000	-193.541034
17.515000	97.764127
17.520000	-502.368590
17.525000	-172.294208
17.530000	49.272330
17.535000	-128.141914
17.540000	-225.106980
17.545000	-363.531092
17.550000	291.817552
17.555000	156.967890
17.560000	-243.554334
17.565000	-315.974783
17.570000	-21.061751
17.575000	350.126221
17.580000	405.812374
17.585000	612.569486
17.590000	206.152464
17.595000	-88.032804
17.600000	-28.626053
17.605000	-136.057223
17.610000	-169.107607
17.615000	-156.572637
17.620000	-489.610456
17.625000	-205.880978
17.630000	-395.069691
17.635000	-250.247855
17.640000	-277.385185
17.645000	-250.025513
17.650000	4.572654
17.655000	9.068424
17.660000	-65.947211
17.665000	-254.285305
17.670000	254.268326
17.675000	221.454829
17.680000	-126.137076
17.685000	-78.538391
17.690000	-149.330887
17.695000	-283.127198
17.700000	-280.754158
17.705000	3.888372
17.710000	311.640168
17.715000	419.479861
17.720000	315.362110
17.725000	8.458324
17.730000	-163.384053
17.735000	-255.154690
17.740000	9.064505
17.745000	-121.707169
17.750000	-347.522321
17.755000	-43.028907
17.760000	-234.212679
17.765000	-117.882563
17.770000	164.494076
17.775000	241.611648
17.780000	-250.017764
17.785000	-155.761875
17.790000	-38.946034
17.795000	-226.112887
17.800000	178.711515
17.805000	-574.431803
17.810000	-244.321713
17.815000	140.943742
17.820000	43.096804
17.825000	-171.195346
17.830000	-173.197479
17.835000	-36.262014
17.840000	125.964774
17.845000	2.485494
17.850000	-187.578995
17.855000	194.285174
17.860000	215.212013
17.865000	107.958557
17.870000	-294.414025
17.875000	-256.421751
17.880000	-162.728047
17.885000	-296.906760
17.890000	-531.495681
17.895000	-41.804960
17.900000	-63.470066
17.905000	-148.546187
17.910000	330.478909
17.915000	-211.495800
17.920000	-132.389538
17.925000	130.612387
17.930000	-56.463099
17.935000	-139.253642
17.940000	15.683006
17.945000	124.612416
17.950000	164.273214
17.955000	-332.169594
17.960000	-279.023809
17.965000	-64.685838
17.970000	-84.869848
17.975000	95.755966
17.980000	200.329428
17.985000	259.146494
17.990000	254.813299
17.995000	347.229762
18.000000	159.325607
18.005000	284.355428
18.010000	-105.042795
18.015000	177.351590
18.020000	34.381687
18.025000	322.883220
18.030000	348.009442
18.035000	-458.568365
18.040000	-98.484570
18.045000	-219.164847
18.050000	-125.057909
18.055000	-79.316312
18.060000	-547.618353
18.065000	-262.017842
18.070000	-64.935079
18.075000	-288.312947
18.080000	195.457423
18.085000	48.558708
18.090000	-102.267562
18.095000	275.987173
18.100000	383.413402
18.105000	109.856755
18.110000	-147.961319
18.115000	-106.837135
18.120000	-174.580157
18.125000	8.142562
18.130000	538.910579
18.135000	182.877512
18.140000	-159.747700
18.145000	311.278021
18.150000	738.786525
18.155000	328.919340
18.160000	415.552197
18.165000	139.328638
18.170000	30.103380
18.175000	6.362507
18.180000	-289.788598
18.185000	226.789939
18.190000	292.094815
18.195000	498.603367
18.200000	385.863399
18.205000	-165.856611
18.210000	302.909744
18.215000	420.358819
18.220000	18.219362
18.225000	168.775606
18.230000	242.843335
18.235000	-54.309957
18.240000	168.872132
18.245000	218.253578
18.250000	-368.783078
18.255000	-2.906890
18.260000	69.684347
18.265000	11.658442
18.270000	146.860707
18.275000	-15.627921
18.280000	-331.677121
18.285000	223.969214
18.290000	814.579443
18.295000	400.189536
18.300000	27.771325
18.305000	188.614776
18.310000	274.865630
18.315000	210.493552
18.320000	74.996385
18.325000	-285.113585
18.330000	-279.888049
18.335000	127.921435
18.340000	-204.720177
18.345000	-87.544521
18.350000	26.938618
18.355000	-305.133124
18.360000	-177.054580
18.365000	49.404390
18.370000	-72.788688
18.375000	-53.832505
18.380000	-417.426910
18.385000	-408.534130
18.390000	-199.113402
18.395000	209.877262
18.400000	213.282520
18.405000	-315.794373
18.410000	369.672447
18.415000	-6.399090
18.420000	-556.533743
18.425000	-247.154680
18.430000	228.132766
18.435000	617.708064
18.440000	428.295731
18.445000	46.361363
18.450000	-444.415622
18.455000	-169.349367
18.460000	103.875469
18.465000	75.558296
18.470000	156.954486
18.475000	322.574218
18.480000	49.061534
18.485000	-157.486659
18.490000	-254.811804
18.495000	201.754436
18.500000	458.016000
18.505000	-83.947726
18.510000	-121.959351
18.515000	-114.518146
18.520000	285.361373
18.525000	264.025974
18.530000	273.473404
18.535000	175.253321
18.540000	182.509874
18.545000	356.521259
18.550000	84.676399
18.555000	111.986448
18.560000	-166.580437
18.565000	159.243399
18.570000	591.085579
18.575000	197.815084
18.580000	-15.063448
18.585000	-54.136792
18.590000	-100.618109
18.595000	59.650668
18.600000	13.071542
18.605000	65.319854
18.610000	-67.187350
18.615000	-264.357985
18.620000	-176.159958
18.625000	-102.993802
18.630000	30.744142
18.635000	325.625498
18.640000	441.504801
18.645000	400.205543
18.650000	236.044666
18.655000	-295.097722
18.660000	-508.576315
18.665000	182.520897
18.670000	211.485829
18.675000	-285.418925
18.680000	66.194340
18.685000	-58.551402
18.690000	-159.823622
18.695000	72.053111
18.700000	-16.296411
18.705000	-17.132749
18.710000	-76.991460
18.715000	159.969788
18.720000	-113.675260
18.725000	-142.952066
18.730000	282.062436
18.735000	-150.006087
18.740000	-136.342806
18.745000	-163.914678
18.750000	-235.684601
18.755000	-242.744128
18.760000	46.419660
18.765000	214.312094
18.770000	263.405577
18.775000	208.601099
18.780000	-369.045436
18.785000	-329.703860
18.790000	-318.268580
18.795000	-212.923051
18.800000	504.195153
18.805000	228.670660
18.810000	91.678629
18.815000	167.177703
18.820000	74.211645
18.825000	-48.764388
18.830000	27.483886
18.835000	53.912308
18.840000	-346.224711
18.845000	-264.671180
18.850000	118.718911
18.855000	354.584896
18.860000	328.744602
18.865000	465.779964
18.870000	-115.362651
18.875000	-148.576538
18.880000	-457.673302
18.885000	-433.394582
18.890000	125.631705
18.895000	415.473408
18.900000	-302.375697
18.905000	-29.186097
18.910000	358.148506
18.915000	412.080157
18.920000	583.750085
18.925000	57.834796
18.930000	694.599264
18.935000	385.898303
18.940000	-526.189688
18.945000	-365.241609
18.950000	42.915331
18.955000	-145.927309
18.960000	53.059563
18.965000	-70.381955
18.970000	247.225547
18.975000	-49.825250
18.980000	-149.302136
18.985000	211.192055
18.990000	-11.620914
18.995000	148.257825
19.000000	20.046749
19.005000	-192.802907
19.010000	-101.019892
19.015000	-234.744959
19.020000	175.395192
19.025000	230.499210
19.030000	244.962079
19.035000	116.459390
19.040000	-449.952045
19.045000	-669.402615
19.050000	-516.028968
19.055000	-290.263108
19.060000	-217.513207
19.065000	97.001326
19.070000	-522.512835
19.075000	-634.158914
19.080000	-793.540045
19.085000	-592.336830
19.090000	-51.397851
19.095000	-146.501725
19.100000	43.003586
19.105000	-70.729389
19.110000	-306.867027
19.115000	-357.794368
19.120000	-364.259878
19.125000	-592.224564
19.130000	-644.938468
19.135000	-152.955980
19.140000	-309.675314
19.145000	-469.893119
19.150000	229.638529
19.155000	-303.352585
19.160000	-218.922046
19.165000	-70.391004
19.170000	-70.025299
19.175000	271.042088
19.180000	282.781212
19.185000	238.474012
19.190000	-374.381776
19.195000	-56.506425
19.200000	67.501941
19.205000	-38.775800
19.210000	76.946538
19.215000	37.546568
19.220000	511.883227
19.225000	279.028110
19.230000	-403.299156
19.235000	-125.837364
19.240000	-287.391333
19.245000	54.011780
19.250000	51.196131
19.255000	-220.180432
19.260000	-65.420465
19.265000	-121.711521
19.270000	-95.497129
19.275000	-120.622595
19.280000	42.205131
19.285000	145.147100
19.290000	210.684904
19.295000	-108.486947
19.300000	-119.327301
19.305000	-167.538226
19.310000	297.064442
19.315000	7.066658
19.320000	-496.135859
19.325000	38.892704
19.330000	28.352133
19.335000	-38.780384
19.340000	185.268959
19.345000	150.679629
19.350000	-52.479579
19.355000	186.987759
19.360000	371.494431
19.365000	-109.403262
19.370000	-331.803424
19.375000	-275.407979
19.380000	-214.285433
19.385000	-493.791130
19.390000	87.436882
19.395000	432.932966
19.400000	-179.168072
19.405000	-2.947699
19.410000	333.633464
19.415000	183.683469
19.420000	297.054536
19.425000	-122.862162
19.430000	209.802130
19.435000	110.498374
19.440000	-308.693561
19.445000	-0.510371
19.450000	283.854419
19.455000	150.859088
19.460000	144.825207
19.465000	-155.124092
19.470000	-466.076317
19.475000	-109.951355
19.480000	-290.442856
19.485000	316.418104
19.490000	-92.608844
19.495000	-102.884785
19.500000	664.525905
19.505000	409.515889
19.510000	454.845280
19.515000	76.259443
19.520000	-123.734756
19.525000	191.921835
19.530000	299.638207
19.535000	249.102572
19.540000	-576.344847
19.545000	-375.937816
19.550000	465.338135
19.555000	181.962227
19.560000	-88.420658
19.565000	27.383601
19.570000	-145.555468
19.575000	172.439755
19.580000	380.554452
19.585000	234.589465
19.590000	181.862811
19.595000	-439.548066
19.600000	-147.402393
19.605000	231.727250
19.610000	33.800271
19.615000	31.580478
19.620000	462.121125
19.625000	-240.833561
19.630000	-94.842493
19.635000	298.452160
19.640000	39.624190
19.645000	229.277300
19.650000	-11.264377
19.655000	98.466594
19.660000	430.858175
19.665000	245.079179
19.670000	59.304215
19.675000	106.670640
19.680000	297.322668
19.685000	431.990378
19.690000	270.612963
19.695000	226.671190
19.700000	266.981304
19.705000	51.946253
19.710000	-1.299596
19.715000	-377.300133
19.720000	-194.757410
19.725000	513.901992
19.730000	399.023366
19.735000	21.209626
19.740000	-158.474187
19.745000	76.459921
19.750000	-248.163540
19.755000	-229.483860
19.760000	-38.745386
19.765000	-6.866216
19.770000	-212.937617
19.775000	-110.602244
19.780000	75.812600
19.785000	74.924054
19.790000	46.096926
19.795000	171.554072
19.800000	278.302075
19.805000	103.000532
19.810000	217.037943
19.815000	67.895999
19.820000	145.307484
19.825000	192.776214
19.830000	198.856452
19.835000	70.272821
19.840000	-228.546294
19.845000	225.288991
19.850000	383.896457
19.855000	47.151442
19.860000	55.393022
19.865000	295.676348
19.870000	68.376046
19.875000	-502.955734
19.880000	-18.138913
19.885000	45.071349
19.890000	-220.038428
19.895000	-153.293489
19.900000	231.325474
19.905000	336.083893
19.910000	-179.908734
19.915000	-184.828817
19.920000	34.612150
19.925000	328.925665
19.930000	311.546410
19.935000	-19.051003
19.940000	-153.194307
19.945000	-163.624231
19.950000	252.996632
19.955000	448.117630
19.960000	423.074282
19.965000	485.848124
19.970000	136.852792
19.975000	-405.002423
19.980000	-319.958313
19.985000	-13.506525
19.990000	119.334201
19.995000	182.341658
